phoq_full_af_HAMP_multimer	phoq_full_af_HAMP_multimer 1.000E+00 -0.000 -0.000 -0.000 1.000 0.000 -0.000 -0.000 1.000 -0.000 0.000 0.000 1.000
phoq_full_af_HAMP_multimer	2y21_multimer 6.720E-01 7.241 0.765 -64.412 0.043 -0.129 -0.991 0.791 -0.601 0.112 -0.610 -0.789 0.076
phoq_full_af_HAMP_multimer	2lfr_multimer 7.199E-01 -75.828 63.460 -0.342 0.626 -0.524 0.577 -0.483 0.321 0.815 -0.613 -0.789 -0.052
phoq_full_af_HAMP_multimer	3zrw_multimer 6.751E-01 33.182 16.296 -84.733 -0.301 -0.493 -0.816 -0.825 0.564 -0.036 0.478 0.663 -0.577
phoq_full_af_HAMP_multimer	2l7h_multimer 7.281E-01 74.520 40.623 -36.020 -0.944 0.106 0.314 -0.325 -0.106 -0.940 -0.066 -0.989 0.135
phoq_full_af_HAMP_multimer	4i5s_multimer 6.747E-01 -10.750 -31.866 -125.083 0.624 0.042 -0.781 -0.165 0.983 -0.079 0.764 0.178 0.620
phoq_full_af_HAMP_multimer	2y20_multimer 6.705E-01 -10.955 -7.083 -61.352 -0.838 -0.120 0.533 -0.327 0.892 -0.313 -0.437 -0.437 -0.786
phoq_full_af_HAMP_multimer	3zx6_multimer 6.700E-01 -30.027 29.019 -206.083 -0.309 0.950 0.054 0.825 0.296 -0.482 -0.474 -0.104 -0.874
phoq_full_af_HAMP_multimer	4cq4_multimer 7.021E-01 -26.723 54.925 6.846 0.110 0.954 -0.280 -0.761 -0.100 -0.640 -0.639 0.283 0.715
phoq_full_af_HAMP_multimer	4cti_multimer 6.813E-01 -36.434 34.239 -96.648 -0.498 0.254 0.829 -0.578 -0.810 -0.099 0.647 -0.528 0.550
phoq_full_af_HAMP_multimer	2lfs_multimer 6.435E-01 -41.322 -4.184 -55.189 -0.315 0.647 0.695 0.891 -0.052 0.452 0.328 0.761 -0.560
phoq_full_af_HAMP_multimer	2y0q_multimer 7.042E-01 -2.289 19.668 -45.966 -0.032 0.210 0.977 -0.404 -0.897 0.180 0.914 -0.389 0.114
phoq_full_af_HAMP_multimer	4gn0_multimer 7.041E-01 -53.345 -94.731 -5.445 -0.118 0.953 0.279 0.764 -0.093 0.638 0.634 0.288 -0.717
phoq_full_af_HAMP_multimer	2l7i_multimer 6.380E-01 -92.483 -24.002 -16.926 0.879 -0.114 0.462 0.377 0.759 -0.531 -0.291 0.641 0.710
phoq_full_af_HAMP_multimer	5jef_multimer 6.406E-01 -16.534 -4.165 -5.490 -0.195 -0.953 -0.231 0.980 -0.180 -0.086 0.040 -0.243 0.969
